10.550000190734863
13.539999961853027
18.979999542236328
21.90999984741211
23.510000228881836
23.760000228881836
23.15999984741211
22.639999389648438
23.020000457763672
24.399999618530273
24.540000915527344
24.389999389648438
26.239999771118164
26.540000915527344
25.59000015258789
27.65999984741211
29.239999771118164
28.020000457763672
31.639999389648438
32.0099983215332
32.959999084472656
29.469999313354492
29.610000610351562
31.030000686645508
33.630001068115234
34.06999969482422
32.86000061035156
35.459999084472656
35.150001525878906
34.68000030517578
34.91999816894531
35.77000045776367
37.5099983215332
36.93000030517578
33.9900016784668
36.38999938964844
36.5
36.619998931884766
37.33000183105469
35.2599983215332
36.0
34.380001068115234
34.95000076293945
38.290000915527344
37.650001525878906
36.47999954223633
38.27000045776367
40.2400016784668
39.5
39.099998474121094
37.970001220703125
38.22999954223633
39.90999984741211
40.97999954223633
39.38999938964844
41.290000915527344
40.630001068115234
41.470001220703125
40.41999816894531
39.20000076293945
41.790000915527344
40.720001220703125
41.45000076293945
42.22999954223633
40.63999938964844
42.290000915527344
44.20000076293945
42.91999816894531
40.47999954223633
40.220001220703125
42.45000076293945
43.58000183105469
43.209999084472656
43.5
45.150001525878906
45.18000030517578
43.439998626708984
42.33000183105469
42.310001373291016
45.439998626708984
46.220001220703125
45.81999969482422
46.0
45.119998931884766
45.150001525878906
43.77000045776367
44.4900016784668
43.439998626708984
45.41999816894531
44.290000915527344
45.06999969482422
45.59000015258789
46.810001373291016
47.130001068115234
46.7400016784668
46.619998931884766
46.869998931884766
46.880001068115234
46.540000915527344
47.5099983215332
48.0099983215332
47.38999938964844
48.130001068115234
48.27000045776367
46.54999923706055
46.15999984741211
46.52000045776367
44.2400016784668
47.5
48.58000183105469
48.45000076293945
48.959999084472656
48.880001068115234
48.81999969482422
49.33000183105469
49.31999969482422
50.13999938964844
49.43000030517578
48.650001525878906
49.43000030517578
49.59000015258789
49.40999984741211
48.7599983215332
50.04999923706055
51.029998779296875
50.91999816894531
49.459999084472656
49.33000183105469
50.150001525878906
49.54999923706055
49.93000030517578
49.15999984741211
49.61000061035156
50.380001068115234
50.79999923706055
51.5099983215332
52.56999969482422
52.11000061035156
50.45000076293945
52.209999084472656
52.040000915527344
51.77000045776367
50.61000061035156
51.880001068115234
52.02000045776367
51.75
51.790000915527344
52.2599983215332
52.43000030517578
52.869998931884766
51.209999084472656
53.2400016784668
52.45000076293945
53.52000045776367
52.349998474121094
52.970001220703125
53.720001220703125
52.470001220703125
53.34000015258789
54.16999816894531
54.099998474121094
53.900001525878906
54.08000183105469
53.13999938964844
51.84000015258789
54.11000061035156
55.04999923706055
55.560001373291016
55.38999938964844
54.18000030517578
53.7599983215332
53.959999084472656
54.86000061035156
55.11000061035156
54.83000183105469
55.54999923706055
54.630001068115234
55.0
55.90999984741211
56.36000061035156
55.959999084472656
55.61000061035156
55.91999816894531
54.20000076293945
54.599998474121094
54.58000183105469
55.04999923706055
55.54999923706055
56.41999816894531
56.279998779296875
54.560001373291016
55.72999954223633
56.56999969482422
57.060001373291016
58.060001373291016
57.93000030517578
55.31999969482422
55.560001373291016
56.77000045776367
56.290000915527344
57.709999084472656
58.83000183105469
57.04999923706055
58.41999816894531
58.279998779296875
57.470001220703125
57.02000045776367
57.77000045776367
57.27000045776367
57.209999084472656
56.400001525878906
57.939998626708984
59.09000015258789
58.93000030517578
58.9900016784668
58.439998626708984
58.83000183105469
58.189998626708984
56.630001068115234
57.38999938964844
58.349998474121094
58.209999084472656
58.310001373291016
58.7599983215332
58.189998626708984
59.27000045776367
59.65999984741211
59.40999984741211
59.2400016784668
57.470001220703125
58.720001220703125
57.650001525878906
57.380001068115234
58.65999984741211
59.900001525878906
60.75
60.27000045776367
60.939998626708984
61.040000915527344
59.7599983215332
57.650001525878906
60.130001068115234
59.33000183105469
59.88999938964844
59.90999984741211
59.52000045776367
59.7400016784668
59.970001220703125
60.599998474121094
59.13999938964844
60.29999923706055
60.75
60.77000045776367
58.959999084472656
57.849998474121094
57.72999954223633
60.33000183105469
60.279998779296875
60.709999084472656
60.22999954223633
58.150001525878906
61.439998626708984
60.88999938964844
60.939998626708984
59.2599983215332
59.33000183105469
60.810001373291016
61.34000015258789
61.22999954223633
61.349998474121094
59.470001220703125
61.08000183105469
61.45000076293945
62.060001373291016
61.22999954223633
61.81999969482422
61.29999923706055
62.02000045776367
61.34000015258789
61.220001220703125
59.70000076293945
59.119998931884766
60.70000076293945
62.27000045776367
61.90999984741211
61.5
61.09000015258789
62.4900016784668
62.540000915527344
61.650001525878906
60.400001525878906
60.63999938964844
61.209999084472656
62.470001220703125
62.83000183105469
62.380001068115234
62.7599983215332
62.4900016784668
62.779998779296875
62.88999938964844
63.11000061035156
62.119998931884766
61.470001220703125
60.060001373291016
60.5099983215332
62.15999984741211
62.16999816894531
63.380001068115234
63.04999923706055
62.88999938964844
64.12999725341797
63.95000076293945
62.040000915527344
62.84000015258789
62.119998931884766
62.939998626708984
62.720001220703125
62.15999984741211
62.66999816894531
63.43000030517578
62.97999954223633
62.61000061035156
62.36000061035156
61.810001373291016
62.41999816894531
62.540000915527344
62.63999938964844
62.75
62.47999954223633
63.279998779296875
62.810001373291016
63.599998474121094
63.68000030517578
63.65999984741211
63.5099983215332
63.349998474121094
63.15999984741211
62.40999984741211
63.43000030517578
63.150001525878906
64.4000015258789
64.0
63.22999954223633
63.810001373291016
63.560001373291016
62.90999984741211
62.45000076293945
64.5999984741211
64.62999725341797
64.2300033569336
62.720001220703125
62.72999954223633
63.66999816894531
64.2300033569336
64.43000030517578
64.54000091552734
64.7699966430664
63.5099983215332
61.810001373291016
64.61000061035156
63.959999084472656
64.80000305175781
64.58000183105469
64.43000030517578
64.94000244140625
64.83000183105469
64.41999816894531
64.80999755859375
63.7400016784668
64.56999969482422
65.33000183105469
64.16000366210938
63.689998626708984
64.63999938964844
65.12999725341797
65.79000091552734
65.70999908447266
65.37999725341797
64.62999725341797
65.44999694824219
64.69999694824219
64.58000183105469
64.41000366210938
64.66000366210938
65.19999694824219
65.61000061035156
66.22000122070312
66.18000030517578
64.91999816894531
65.20999908447266
62.880001068115234
64.22000122070312
65.05999755859375
65.23999786376953
65.8499984741211
65.05999755859375
65.75
65.33000183105469
66.0199966430664
65.95999908447266
66.98999786376953
65.81999969482422
66.13999938964844
66.26000213623047
65.20999908447266
66.43000030517578
65.7699966430664
65.61000061035156
65.47000122070312
65.8499984741211
66.79000091552734
66.3499984741211
67.19000244140625
66.2699966430664
66.87999725341797
66.02999877929688
67.27999877929688
67.0
65.9800033569336
66.47000122070312
64.97000122070312
66.08000183105469
67.1500015258789
67.44000244140625
66.01000213623047
66.54000091552734
67.08999633789062
67.19999694824219
67.29000091552734
65.0
66.37999725341797
66.9000015258789
66.91000366210938
67.0199966430664
67.5
67.08999633789062
66.76000213623047
67.44999694824219
66.19999694824219
67.11000061035156
66.91000366210938
66.58999633789062
65.20999908447266
66.22000122070312
65.95999908447266
66.97000122070312
67.38999938964844
67.47000122070312
68.29000091552734
68.0199966430664
68.12000274658203
66.72000122070312
65.55000305175781
66.66000366210938
67.36000061035156
66.52999877929688
67.6500015258789
68.47000122070312
68.12999725341797
68.41999816894531
68.18000030517578
68.3499984741211
66.91999816894531
66.62999725341797
66.5199966430664
66.2300033569336
67.5199966430664
67.25
67.41999816894531
67.86000061035156
67.41000366210938
69.16999816894531
68.47000122070312
68.87000274658203
68.33999633789062
68.69999694824219
67.69000244140625
66.61000061035156
66.61000061035156
68.25
67.91000366210938
68.31999969482422
69.05999755859375
69.22000122070312
68.94999694824219
68.23999786376953
68.62999725341797
68.37000274658203
67.76000213623047
66.43000030517578
68.44999694824219
68.76000213623047
68.5199966430664
69.26000213623047
68.38999938964844
68.22000122070312
68.87000274658203
68.81999969482422
66.80000305175781
67.2300033569336
68.18000030517578
67.79000091552734
67.80999755859375
67.68000030517578
69.37000274658203
69.87000274658203
69.58999633789062
70.33000183105469
69.58000183105469
67.87999725341797
68.43000030517578
68.44999694824219
67.5
69.27999877929688
69.02999877929688
69.20999908447266
69.48999786376953
70.3499984741211
69.87999725341797
69.58000183105469
69.12999725341797
68.3499984741211
69.36000061035156
68.73999786376953
67.56999969482422
68.62999725341797
69.1500015258789
70.2300033569336
70.44999694824219
69.8499984741211
69.95999908447266
68.38999938964844
68.08999633789062
69.04000091552734
69.62999725341797
69.87000274658203
68.61000061035156
68.5
69.91999816894531
70.08000183105469
70.3499984741211
70.06999969482422
69.63999938964844
69.76000213623047
69.08000183105469
69.94000244140625
69.2699966430664
69.69000244140625
68.70999908447266
68.98999786376953
69.9000015258789
70.5999984741211
70.68000030517578
69.20999908447266
69.0999984741211
68.2300033569336
69.77999877929688
69.98999786376953
70.61000061035156
69.97000122070312
69.16999816894531
69.98999786376953
70.12000274658203
70.25
68.73999786376953
68.37000274658203
69.20999908447266
70.25
70.52999877929688
70.94999694824219
69.9000015258789
69.30000305175781
69.58999633789062
70.69000244140625
69.4800033569336
70.5
70.6500015258789
70.19000244140625
69.91000366210938
70.26000213623047
69.05999755859375
70.51000213623047
69.9000015258789
69.72000122070312
70.12000274658203
70.43000030517578
68.80000305175781
70.76000213623047
69.91000366210938
70.66000366210938
69.5
70.6500015258789
70.43000030517578
70.68000030517578
70.7300033569336
70.97000122070312
70.33000183105469
70.20999908447266
70.69000244140625
70.55999755859375
70.8499984741211
71.18000030517578
69.18000030517578
70.94999694824219
70.41000366210938
70.72000122070312
71.04000091552734
70.18000030517578
68.95999908447266
69.2699966430664
69.93000030517578
70.44000244140625
70.1500015258789
70.66000366210938
70.16999816894531
70.05000305175781
69.91000366210938
70.62999725341797
70.48999786376953
70.33000183105469
69.77999877929688
69.73999786376953
71.11000061035156
70.69000244140625
71.3499984741211
69.97000122070312
69.83999633789062
70.94000244140625
70.69999694824219
71.36000061035156
71.5999984741211
70.94000244140625
69.62999725341797
69.70999908447266
70.68000030517578
70.47000122070312
70.80000305175781
70.88999938964844
70.33000183105469
71.25
70.97000122070312
71.37000274658203
71.63999938964844
72.1500015258789
71.30000305175781
70.45999908447266
70.63999938964844
70.4800033569336
71.25
72.31999969482422
72.61000061035156
72.0199966430664
70.56999969482422
70.61000061035156
70.55000305175781
71.27999877929688
72.0
72.33000183105469
72.08000183105469
70.41000366210938
71.29000091552734
71.0999984741211
71.4800033569336
71.30999755859375
71.2699966430664
72.19000244140625
72.0199966430664
70.94000244140625
70.80000305175781
71.73999786376953
71.72000122070312
72.69999694824219
72.47000122070312
72.16999816894531
72.26000213623047
71.37999725341797
69.91999816894531
71.68000030517578
72.47000122070312
72.9000015258789
72.7300033569336
71.62999725341797
71.80000305175781
71.5199966430664
72.19000244140625
70.48999786376953
71.31999969482422
71.69000244140625
72.41000366210938
71.7300033569336
71.05000305175781
71.55000305175781
72.08999633789062
72.44999694824219
72.51000213623047
72.76000213623047
72.76000213623047
72.6500015258789
72.52999877929688
72.05999755859375
71.79000091552734
72.70999908447266
72.77999877929688
72.7300033569336
71.87999725341797
72.41999816894531
72.83000183105469
72.73999786376953
72.12000274658203
72.08000183105469
72.2300033569336
72.2699966430664
72.87000274658203
71.91000366210938
72.8499984741211
72.27999877929688
71.55000305175781
72.72000122070312
71.95999908447266
73.31999969482422
73.04000091552734
72.91999816894531
72.73999786376953
72.52999877929688
73.55999755859375
73.5199966430664
72.0
72.63999938964844
71.55999755859375
72.31999969482422
73.27999877929688
73.08999633789062
72.22000122070312
71.7300033569336
71.62000274658203
71.7699966430664
72.58000183105469
72.61000061035156
71.8499984741211
71.30999755859375
72.66000366210938
72.87999725341797
72.30999755859375
71.95999908447266
72.6500015258789
72.87000274658203
73.68000030517578
73.68000030517578
73.45999908447266
72.51000213623047
71.9800033569336
72.55999755859375
73.0
72.77999877929688
72.80999755859375
73.5199966430664
72.77999877929688
73.0999984741211
73.69000244140625
72.86000061035156
72.37000274658203
72.37999725341797
72.37999725341797
72.91999816894531
71.76000213623047
71.4800033569336
72.55999755859375
73.88999938964844
73.45999908447266
73.72000122070312
73.66000366210938
73.51000213623047
72.63999938964844
72.36000061035156
71.80000305175781
73.29000091552734
72.4800033569336
72.88999938964844
73.61000061035156
73.6500015258789
73.6500015258789
73.68000030517578
73.80000305175781
73.12999725341797
73.08000183105469
72.98999786376953
72.69000244140625
72.33000183105469
73.41000366210938
72.80000305175781
73.44999694824219
73.75
73.98999786376953
74.20999908447266
74.27999877929688
73.56999969482422
73.08000183105469
72.27999877929688
73.33999633789062
72.30000305175781
73.52999877929688
73.41999816894531
73.52999877929688
73.6500015258789
74.37000274658203
74.12000274658203
74.11000061035156
73.41999816894531
73.31999969482422
73.83999633789062
73.79000091552734
73.4000015258789
74.19999694824219
73.25
73.62000274658203
72.81999969482422
73.55000305175781
74.12000274658203
74.36000061035156
74.66000366210938
74.31999969482422
71.2699966430664
73.16000366210938
72.91000366210938
73.8499984741211
73.0199966430664
73.80999755859375
74.25
74.12000274658203
74.0999984741211
73.22000122070312
73.5199966430664
73.56999969482422
74.38999938964844
74.4000015258789
73.77999877929688
73.87000274658203
74.05000305175781
73.33000183105469
73.5199966430664
73.5
73.93000030517578
73.73999786376953
72.9800033569336
73.73999786376953
73.83999633789062
73.44999694824219
73.63999938964844
73.45999908447266
74.2300033569336
73.77999877929688
73.7699966430664
74.12000274658203
74.0
73.47000122070312
73.70999908447266
73.62000274658203
73.91000366210938
73.79000091552734
74.33999633789062
74.19000244140625
74.38999938964844
73.69000244140625
73.77999877929688
73.9800033569336
73.43000030517578
72.95999908447266
74.16999816894531
74.12000274658203
74.52999877929688
74.66999816894531
74.48999786376953
73.77999877929688
71.7300033569336
74.0
74.2699966430664
74.2699966430664
74.1500015258789
73.62999725341797
74.44999694824219
73.8499984741211
73.5999984741211
74.61000061035156
74.33999633789062
74.58000183105469
73.41000366210938
73.48999786376953
74.22000122070312
74.29000091552734
74.0
74.13999938964844
74.36000061035156
74.48999786376953
74.73999786376953
74.7300033569336
74.19999694824219
72.91000366210938
73.26000213623047
74.11000061035156
74.16000366210938
74.58000183105469
74.69999694824219
74.58000183105469
74.11000061035156
74.56999969482422
74.55999755859375
74.72000122070312
73.98999786376953
74.04000091552734
73.6500015258789
74.72000122070312
74.2300033569336
74.70999908447266
74.52999877929688
74.19000244140625
74.27999877929688
74.61000061035156
74.8499984741211
72.73999786376953
73.83000183105469
74.16999816894531
74.61000061035156
74.08999633789062
73.80000305175781
74.6500015258789
74.47000122070312
73.27999877929688
74.44000244140625
75.11000061035156
74.91999816894531
74.33999633789062
74.6500015258789
74.41999816894531
74.68000030517578
74.8499984741211
74.27999877929688
74.45999908447266
75.30000305175781
10.0
10.0
10.0
10.0
10.0
10.0
10.0
10.0
10.0
10.0
10.0
10.0
10.0
10.0
10.0
10.0
10.0
10.0
10.0
10.0
10.0
10.0
10.0
10.0
10.0
10.0
10.0
10.0
10.0
10.0
10.0
10.0
10.0
10.0
10.0
10.0
10.0
10.0
10.0
10.0
10.0
10.0
10.0
10.0
10.0
10.0
10.0
10.0
10.0
10.0
10.0
10.0
10.0
10.0
10.0
10.0
10.0
10.0
10.0
10.0
10.0
10.0
