10.0
10.0
10.800000190734863
38.380001068115234
37.13999938964844
39.77000045776367
60.58000183105469
49.65999984741211
46.779998779296875
49.36000061035156
53.81999969482422
52.5099983215332
46.630001068115234
47.59000015258789
54.119998931884766
62.20000076293945
56.34000015258789
58.34000015258789
56.0099983215332
66.2300033569336
51.970001220703125
68.48999786376953
69.23999786376953
69.88999938964844
64.44999694824219
67.18000030517578
62.220001220703125
66.63999938964844
69.94999694824219
60.90999984741211
66.54000091552734
66.69000244140625
65.36000061035156
64.93000030517578
60.2400016784668
71.38999938964844
65.66999816894531
67.95999908447266
56.650001525878906
71.72000122070312
69.44000244140625
66.12999725341797
67.05999755859375
71.63999938964844
72.3499984741211
69.2300033569336
69.33000183105469
68.87999725341797
70.12000274658203
70.5
59.189998626708984
71.2699966430664
73.58000183105469
69.88999938964844
66.29000091552734
60.380001068115234
71.25
73.41999816894531
72.29000091552734
71.5199966430664
75.36000061035156
70.08999633789062
73.7300033569336
74.98999786376953
74.44000244140625
75.05000305175781
75.5199966430664
75.27999877929688
73.02999877929688
65.87999725341797
68.62000274658203
70.2300033569336
73.29000091552734
70.66000366210938
76.3499984741211
75.0
74.23999786376953
72.73999786376953
65.02999877929688
75.58999633789062
72.5999984741211
72.27999877929688
75.44999694824219
73.51000213623047
77.66999816894531
74.61000061035156
75.0
74.81999969482422
76.44000244140625
72.45999908447266
64.37000274658203
75.7300033569336
75.27999877929688
77.1500015258789
74.80000305175781
73.5
77.62999725341797
77.58000183105469
77.2699966430664
73.9000015258789
62.86000061035156
76.18000030517578
69.79000091552734
75.44000244140625
78.12999725341797
75.2300033569336
76.83999633789062
74.98999786376953
73.83000183105469
79.41000366210938
75.77999877929688
78.13999938964844
73.04000091552734
76.29000091552734
75.94999694824219
77.83999633789062
76.1500015258789
78.69000244140625
77.93000030517578
77.16000366210938
76.86000061035156
75.08000183105469
78.55999755859375
79.70999908447266
74.18000030517578
76.2300033569336
78.5
75.77999877929688
77.44999694824219
76.33000183105469
79.2699966430664
79.94999694824219
79.25
74.68000030517578
78.94999694824219
79.27999877929688
79.83000183105469
76.95999908447266
79.80999755859375
79.19000244140625
71.9800033569336
80.30000305175781
80.13999938964844
78.9000015258789
80.37000274658203
76.19000244140625
77.05000305175781
78.68000030517578
77.81999969482422
81.0199966430664
80.01000213623047
80.69000244140625
80.12000274658203
80.29000091552734
79.51000213623047
79.0999984741211
63.90999984741211
80.44000244140625
80.62000274658203
81.80000305175781
80.91999816894531
80.2699966430664
78.13999938964844
77.44999694824219
77.41999816894531
82.20999908447266
77.55000305175781
78.2300033569336
80.30000305175781
75.91000366210938
80.9800033569336
81.61000061035156
81.48999786376953
76.30000305175781
80.6500015258789
77.5999984741211
79.9800033569336
80.70999908447266
81.44000244140625
68.41999816894531
79.37000274658203
82.6500015258789
80.5999984741211
81.52999877929688
80.16999816894531
80.9000015258789
80.7699966430664
83.87999725341797
80.26000213623047
83.0199966430664
80.94999694824219
80.04000091552734
83.04000091552734
81.9800033569336
83.41999816894531
82.76000213623047
81.80999755859375
83.33999633789062
79.19999694824219
82.05000305175781
82.06999969482422
79.62000274658203
83.04000091552734
82.5999984741211
81.97000122070312
83.86000061035156
82.0
82.25
83.5999984741211
81.94000244140625
76.95999908447266
82.83999633789062
81.70999908447266
83.98999786376953
80.5
82.62000274658203
82.30000305175781
82.26000213623047
77.18000030517578
82.77999877929688
80.0
81.30999755859375
83.33000183105469
81.98999786376953
82.91000366210938
84.12999725341797
85.19000244140625
81.83000183105469
84.62999725341797
84.63999938964844
84.51000213623047
82.9800033569336
83.80999755859375
82.33999633789062
82.62000274658203
84.30000305175781
84.30999755859375
83.38999938964844
81.54000091552734
82.05000305175781
83.69999694824219
84.13999938964844
83.93000030517578
81.52999877929688
82.41000366210938
82.2300033569336
83.19999694824219
84.19000244140625
82.62000274658203
83.51000213623047
83.08999633789062
83.30999755859375
84.3499984741211
83.0199966430664
84.95999908447266
82.37999725341797
85.81999969482422
82.58000183105469
85.37999725341797
84.62999725341797
82.55999755859375
84.25
85.05999755859375
83.30000305175781
82.55999755859375
83.29000091552734
84.05000305175781
83.7699966430664
85.16999816894531
84.38999938964844
85.0199966430664
83.37999725341797
82.93000030517578
83.33999633789062
84.5999984741211
84.54000091552734
83.75
85.29000091552734
85.12999725341797
83.66999816894531
81.73999786376953
80.76000213623047
81.62000274658203
83.62999725341797
80.56999969482422
83.97000122070312
86.01000213623047
82.61000061035156
85.87999725341797
84.29000091552734
77.54000091552734
82.61000061035156
82.94000244140625
82.12999725341797
83.72000122070312
84.47000122070312
83.79000091552734
83.08000183105469
80.22000122070312
83.0
