20.09000015258789
32.619998931884766
33.68000030517578
53.209999084472656
43.119998931884766
58.310001373291016
57.79999923706055
58.189998626708984
58.529998779296875
59.040000915527344
60.31999969482422
59.380001068115234
56.900001525878906
60.400001525878906
57.11000061035156
62.029998779296875
70.18000030517578
67.01000213623047
70.88999938964844
68.3499984741211
67.26000213623047
74.25
72.45999908447266
70.62999725341797
69.08000183105469
71.97000122070312
72.80999755859375
73.33000183105469
74.72000122070312
71.2699966430664
71.08999633789062
74.37999725341797
69.0
72.0199966430664
67.41999816894531
74.30000305175781
74.20999908447266
73.27999877929688
63.400001525878906
74.72000122070312
71.2300033569336
74.88999938964844
73.7300033569336
73.97000122070312
76.3499984741211
74.44000244140625
75.75
73.27999877929688
74.19999694824219
75.52999877929688
68.48999786376953
76.4800033569336
76.0999984741211
76.13999938964844
75.25
76.83999633789062
74.83000183105469
75.62999725341797
76.88999938964844
77.30999755859375
76.97000122070312
77.13999938964844
76.91999816894531
77.80000305175781
77.36000061035156
77.87000274658203
77.87999725341797
76.55000305175781
77.22000122070312
76.77999877929688
75.91000366210938
75.19999694824219
77.16999816894531
76.91999816894531
77.08000183105469
77.30000305175781
77.12999725341797
79.4000015258789
76.94999694824219
77.37000274658203
77.36000061035156
76.6500015258789
77.62000274658203
78.7300033569336
78.37999725341797
77.9000015258789
78.02999877929688
78.6500015258789
78.26000213623047
77.05999755859375
73.4800033569336
78.58000183105469
78.12000274658203
76.58000183105469
74.93000030517578
74.44999694824219
79.18000030517578
79.08000183105469
79.1500015258789
76.4800033569336
75.91999816894531
77.94999694824219
76.30999755859375
79.29000091552734
79.12000274658203
80.20999908447266
77.4800033569336
79.16000366210938
79.58000183105469
79.63999938964844
79.55000305175781
81.01000213623047
80.70999908447266
78.79000091552734
78.48999786376953
79.94999694824219
80.2699966430664
81.25
78.44999694824219
77.6500015258789
76.87000274658203
79.31999969482422
79.05000305175781
80.04000091552734
81.16000366210938
78.58999633789062
81.25
78.58999633789062
81.1500015258789
80.2300033569336
79.7699966430664
80.56999969482422
79.47000122070312
77.1500015258789
79.44999694824219
80.58000183105469
79.88999938964844
82.16999816894531
81.33999633789062
78.76000213623047
77.11000061035156
80.9800033569336
78.44000244140625
78.69000244140625
80.27999877929688
78.33999633789062
78.5
79.26000213623047
81.5999984741211
82.58999633789062
79.41999816894531
79.68000030517578
81.18000030517578
80.5199966430664
81.48999786376953
79.7699966430664
75.5999984741211
81.05999755859375
82.5
82.95999908447266
82.58000183105469
82.52999877929688
79.80000305175781
82.2699966430664
81.5
81.94000244140625
79.7300033569336
80.9800033569336
80.48999786376953
81.68000030517578
82.80999755859375
82.19999694824219
81.86000061035156
80.66999816894531
82.0999984741211
81.37000274658203
82.22000122070312
81.55999755859375
82.44999694824219
79.83000183105469
81.83000183105469
82.37000274658203
80.0
83.2300033569336
83.36000061035156
83.52999877929688
81.9800033569336
81.95999908447266
82.41999816894531
83.11000061035156
81.23999786376953
80.9000015258789
83.19000244140625
81.33999633789062
82.69000244140625
79.61000061035156
83.75
82.7300033569336
80.68000030517578
80.12999725341797
82.75
79.94000244140625
83.05000305175781
83.61000061035156
82.08999633789062
84.05000305175781
84.23999786376953
83.33000183105469
84.08999633789062
83.75
82.44000244140625
83.76000213623047
82.2699966430664
83.37999725341797
81.0
83.38999938964844
83.44000244140625
83.04000091552734
84.61000061035156
82.61000061035156
83.37000274658203
82.37999725341797
82.98999786376953
82.77999877929688
82.6500015258789
84.63999938964844
83.62000274658203
83.30999755859375
83.9800033569336
84.45999908447266
84.51000213623047
83.75
84.05999755859375
82.69999694824219
84.19999694824219
84.31999969482422
84.30999755859375
83.7300033569336
83.70999908447266
83.06999969482422
84.41000366210938
83.33000183105469
84.41000366210938
83.9800033569336
83.0999984741211
82.13999938964844
82.94999694824219
83.04000091552734
83.97000122070312
83.2699966430664
84.13999938964844
83.13999938964844
81.61000061035156
84.0999984741211
83.44000244140625
83.5199966430664
84.97000122070312
83.2300033569336
83.69000244140625
84.76000213623047
82.91000366210938
85.22000122070312
84.62000274658203
82.72000122070312
83.87000274658203
84.1500015258789
84.4000015258789
84.66000366210938
85.0199966430664
84.5199966430664
82.63999938964844
84.63999938964844
82.43000030517578
83.05999755859375
84.19000244140625
82.36000061035156
78.77999877929688
83.16000366210938
84.04000091552734
83.44999694824219
84.25
83.63999938964844
85.06999969482422
83.79000091552734
83.23999786376953
82.97000122070312
85.05000305175781
83.91999816894531
84.5199966430664
84.76000213623047
79.37000274658203
83.62999725341797
82.88999938964844
83.95999908447266
83.44000244140625
85.62999725341797
84.16000366210938
84.20999908447266
84.63999938964844
84.69999694824219
