5.082570552825928
7.812098979949951
16.88200569152832
22.418071746826172
19.53452491760254
31.2569522857666
32.03559494018555
34.551212310791016
36.70745086669922
35.389747619628906
37.178062438964844
38.290409088134766
41.259517669677734
44.24574279785156
44.297080993652344
48.40420913696289
49.23419189453125
51.553009033203125
52.44288635253906
53.58945846557617
53.54667663574219
55.18952560424805
56.618465423583984
56.079402923583984
58.36399459838867
60.36621856689453
60.6229133605957
61.81227111816406
62.950286865234375
64.16531372070312
65.32044219970703
66.25310516357422
66.86917114257812
67.24565887451172
68.28955078125
68.85428619384766
68.33233642578125
69.76127624511719
69.60725402832031
69.59870147705078
70.61692810058594
70.7024917602539
71.42979431152344
72.28544616699219
72.85017395019531
71.98596954345703
72.99563598632812
72.73893737792969
73.15821075439453
74.09087371826172
74.5785903930664
73.87696075439453
74.955078125
74.60426330566406
73.72293853759766
75.26311492919922
75.04064178466797
76.46102142333984
76.07598114013672
76.10165405273438
76.45246887207031
76.92308044433594
76.74339294433594
74.53581237792969
75.6567153930664
77.47069549560547
76.89740753173828
77.12843322753906
76.04175567626953
77.658935546875
76.94019317626953
75.79361724853516
77.35945892333984
77.658935546875
78.08676147460938
77.41079711914062
77.80439758300781
78.77983856201172
78.74561309814453
78.22367095947266
78.43758392333984
78.737060546875
78.79695129394531
79.05364990234375
78.3605728149414
79.15632629394531
79.096435546875
78.3947982788086
79.18199920654297
79.3531265258789
79.26756286621094
78.34346008300781
79.75528717041016
77.16265869140625
79.94352722167969
79.37879943847656
78.85684967041016
79.15632629394531
80.26011657714844
80.24300384521484
78.8140640258789
80.29434204101562
81.02164459228516
80.3799057006836
79.21622467041016
80.93608093261719
81.03875732421875
80.7392807006836
79.51570129394531
80.76495361328125
80.82484436035156
80.66227722167969
80.65371704101562
81.04731750488281
80.2686767578125
81.2783432006836
80.54248046875
80.59381866455078
81.20989227294922
79.096435546875
80.39702606201172
81.6976089477539
80.87619018554688
81.26123046875
80.1061019897461
79.79806518554688
80.91041564941406
80.38846588134766
80.49114227294922
80.82484436035156
80.2686767578125
81.31256866455078
81.36390686035156
79.01942443847656
80.3799057006836
80.38846588134766
81.38101959228516
78.83973693847656
81.7831802368164
79.83229064941406
81.39813232421875
81.34679412841797
80.53392791748047
81.4580307006836
81.74895477294922
81.79173278808594
81.01309204101562
81.56070709228516
81.51792907714844
79.9264144897461
82.01420593261719
81.8174057006836
81.84307098388672
80.14032745361328
82.11688232421875
82.37358093261719
81.30401611328125
81.37246704101562
81.82595825195312
82.15110778808594
81.29545593261719
81.8944091796875
82.15110778808594
81.70616912841797
81.56926727294922
79.1734390258789
82.6302719116211
81.18421936035156
81.76606750488281
81.84307098388672
82.48480987548828
80.49114227294922
82.15966796875
81.53504180908203
82.09976959228516
81.83451843261719
81.8944091796875
82.21100616455078
81.47514343261719
80.82484436035156
81.6377182006836
81.34679412841797
81.95430755615234
80.21733856201172
81.25267028808594
82.1425552368164
80.19166564941406
81.11576843261719
80.85051727294922
82.04843139648438
80.6109390258789
81.9115219116211
80.86763000488281
81.2441177368164
81.09010314941406
81.86874389648438
79.04508972167969
80.5253677368164
81.32112884521484
82.09976959228516
81.39813232421875
81.14999389648438
80.59381866455078
80.84196472167969
81.10721588134766
79.8921890258789
81.2441177368164
81.51792907714844
81.2783432006836
81.0644302368164
81.03020477294922
81.0986557006836
82.18533325195312
81.41524505615234
81.6034927368164
82.21955871582031
81.26123046875
80.36279296875
81.14999389648438
81.53504180908203
82.1425552368164
80.78206634521484
80.29434204101562
81.23555755615234
81.50936889648438
80.91041564941406
81.28690338134766
80.83340454101562
81.52648162841797
81.01309204101562
80.98741912841797
81.6034927368164
81.03020477294922
81.21844482421875
81.65483093261719
80.1061019897461
82.36502075195312
82.13399505615234
81.93719482421875
81.80029296875
82.0912094116211
81.32968139648438
81.62915802001953
82.09976959228516
80.63660430908203
81.65483093261719
82.21100616455078
82.0740966796875
80.79917907714844
81.94575500488281
81.67194366455078
79.46436309814453
81.90296936035156
81.53504180908203
81.38101959228516
81.40669250488281
81.37246704101562
81.85163116455078
81.92008209228516
80.6280517578125
82.00564575195312
81.44091796875
81.68049621582031
82.29656982421875
81.9115219116211
82.34790802001953
81.04731750488281
81.75750732421875
81.93719482421875
81.66338348388672
80.51681518554688
81.32968139648438
81.72328186035156
80.89330291748047
81.83451843261719
79.59271240234375
81.44947052001953
81.80029296875
80.80773162841797
82.09976959228516
81.86018371582031
81.90296936035156
81.23555755615234
81.54359436035156
81.59493255615234
81.8772964477539
80.61949157714844
82.04843139648438
81.79173278808594
81.8772964477539
80.29434204101562
81.90296936035156
81.79173278808594
81.2441177368164
81.53504180908203
81.17566680908203
80.36279296875
80.37135314941406
81.34679412841797
80.79061889648438
79.7125015258789
80.82484436035156
81.10721588134766
80.86763000488281
80.04620361328125
81.03020477294922
81.44947052001953
80.49970245361328
80.55104064941406
81.09010314941406
81.62915802001953
79.46436309814453
81.19277954101562
80.71361541748047
81.22700500488281
81.65483093261719
81.53504180908203
81.66338348388672
82.06554412841797
79.75528717041016
80.97030639648438
81.92864227294922
80.72216796875
81.72328186035156
82.01420593261719
81.44947052001953
82.12543487548828
81.70616912841797
81.73184204101562
82.03987121582031
81.47514343261719
81.93719482421875
81.34679412841797
81.36390686035156
82.21955871582031
81.43235778808594
81.29545593261719
80.90185546875
82.22811889648438
82.39069366455078
82.04843139648438
81.20989227294922
81.90296936035156
81.70616912841797
80.47402954101562
82.08265686035156
82.10832214355469
80.85051727294922
81.57781982421875
81.86874389648438
81.74895477294922
80.0889892578125
81.66338348388672
82.03131866455078
81.34679412841797
81.36390686035156
82.12543487548828
79.46436309814453
81.80884552001953
82.0569839477539
82.28800964355469
82.08265686035156
82.51048278808594
81.6377182006836
80.66227722167969
82.44203186035156
81.32968139648438
81.98853302001953
81.70616912841797
82.57893371582031
82.28800964355469
82.58749389648438
81.38957977294922
82.6302719116211
82.33079528808594
80.20877838134766
82.11688232421875
81.85163116455078
81.14144134521484
82.50192260742188
82.03987121582031
81.47514343261719
81.95430755615234
81.44091796875
82.18533325195312
82.84418487548828
82.21100616455078
81.46658325195312
82.56182098388672
81.85163116455078
81.82595825195312
82.4334716796875
80.74784088134766
81.48370361328125
81.84307098388672
81.75750732421875
82.28800964355469
82.03131866455078
81.88585662841797
82.52759552001953
82.03987121582031
82.37358093261719
82.33934783935547
82.4163589477539
81.8772964477539
81.76606750488281
82.15110778808594
80.85907745361328
79.3531265258789
82.28800964355469
82.36502075195312
82.09976959228516
81.9628677368164
81.58638000488281
81.58638000488281
82.49337005615234
81.76606750488281
81.66338348388672
81.86874389648438
82.0912094116211
80.39702606201172
81.16710662841797
80.42269134521484
81.09010314941406
82.18533325195312
81.62915802001953
82.03131866455078
80.92752838134766
82.3564682006836
82.50192260742188
82.01420593261719
82.15966796875
81.73184204101562
82.30512237548828
82.21100616455078
81.36390686035156
82.36502075195312
81.6976089477539
81.18421936035156
81.16710662841797
81.71472930908203
80.53392791748047
79.31890106201172
82.03987121582031
80.61949157714844
79.07076263427734
81.49225616455078
81.98853302001953
81.82595825195312
80.38846588134766
80.9189682006836
78.42046356201172
81.55215454101562
81.61204528808594
81.6377182006836
81.65483093261719
81.74895477294922
81.73184204101562
81.26123046875
81.76606750488281
81.9628677368164
81.80884552001953
79.45580291748047
81.66338348388672
78.79695129394531
81.39813232421875
81.50936889648438
81.02164459228516
80.77350616455078
79.85796356201172
80.79061889648438
80.36279296875
80.81629180908203
79.94352722167969
80.65371704101562
81.39813232421875
79.65260314941406
81.62915802001953
81.59493255615234
79.45580291748047
80.82484436035156
80.90185546875
80.90185546875
79.82373809814453
80.48258972167969
81.23555755615234
81.62915802001953
80.40557861328125
80.3456802368164
81.52648162841797
81.34679412841797
81.39813232421875
78.3947982788086
81.48370361328125
81.62915802001953
80.67082977294922
81.32968139648438
81.93719482421875
81.49225616455078
81.56926727294922
