8.984341621398926
15.418841361999512
31.214170455932617
33.515872955322266
34.02070617675781
36.21117401123047
36.108497619628906
37.96525955200195
38.221954345703125
37.87113952636719
37.8283576965332
41.439205169677734
43.16762161254883
45.07572555541992
48.601009368896484
49.5422248840332
53.135963439941406
55.17241287231445
54.62479782104492
57.842044830322266
57.765037536621094
59.22820281982422
60.84538269042969
60.614356994628906
62.7107048034668
63.93428421020508
64.33644104003906
64.687255859375
65.66270446777344
66.24454498291016
66.06485748291016
66.98040771484375
66.80072021484375
67.86172485351562
67.71626281738281
68.78582763671875
69.10242462158203
69.63292694091797
69.89817810058594
70.21476745605469
70.59125518798828
70.14631652832031
71.02764129638672
71.75494384765625
71.90040588378906
71.48113250732422
72.06297302246094
72.16565704345703
72.08008575439453
72.67048645019531
73.0640869140625
72.96141052246094
73.34645080566406
73.12398529052734
73.32078552246094
73.62881469726562
73.59458923339844
74.27911376953125
74.1250991821289
74.3989028930664
74.57003784179688
74.56147766113281
74.9721908569336
73.99674987792969
72.69615936279297
74.86095428466797
75.36579132080078
75.34011840820312
75.22888946533203
75.70805358886719
75.673828125
75.23744201660156
75.45991516113281
76.05886840820312
76.38401794433594
76.3241195678711
76.08454132080078
76.57225799560547
76.88884735107422
76.58081817626953
76.88029479980469
77.03430938720703
77.0086441040039
77.11132049560547
77.60759735107422
77.30812072753906
77.41079711914062
77.61615753173828
77.50492095947266
77.5648193359375
77.76161193847656
77.35090637207031
77.37657165527344
77.17121887207031
77.65038299560547
77.59904479980469
77.99263763427734
77.94129943847656
78.18943786621094
78.2151107788086
78.18943786621094
78.2151107788086
78.44613647460938
78.557373046875
78.6343765258789
78.68572235107422
78.58303833007812
78.67716217041016
78.79695129394531
77.81295776367188
78.6343765258789
78.60871124267578
78.76272583007812
78.92530059814453
78.77983856201172
79.00231170654297
78.41191101074219
78.85684967041016
78.90818786621094
78.8996353149414
79.1905517578125
79.29322814941406
79.1734390258789
79.07931518554688
79.18199920654297
78.916748046875
79.3531265258789
79.3531265258789
79.3702392578125
79.66971588134766
79.65260314941406
79.70394134521484
79.62693786621094
79.25045013427734
79.3702392578125
79.49858856201172
79.69538879394531
79.52426147460938
79.57559967041016
79.60126495361328
79.93496704101562
79.86651611328125
79.78951263427734
79.83229064941406
80.20877838134766
80.23445129394531
80.02909088134766
79.9264144897461
80.2857894897461
80.05476379394531
80.06331634521484
80.2515640258789
80.06331634521484
80.04620361328125
80.26011657714844
80.20022583007812
80.06331634521484
80.14032745361328
80.13176727294922
80.42269134521484
80.60237884521484
80.63660430908203
80.68794250488281
80.03765106201172
80.20022583007812
79.7125015258789
80.3456802368164
80.65371704101562
80.8847427368164
80.91041564941406
80.79917907714844
80.65371704101562
80.33712768554688
80.57670593261719
80.91041564941406
80.77350616455078
80.4483642578125
80.26011657714844
80.45691680908203
80.63660430908203
80.87619018554688
80.60237884521484
80.99597930908203
80.79061889648438
80.85907745361328
81.20989227294922
80.97886657714844
80.98741912841797
80.91041564941406
81.07299041748047
80.95319366455078
81.07299041748047
81.15855407714844
80.97886657714844
80.36279296875
80.8847427368164
81.01309204101562
80.95319366455078
80.85051727294922
81.07299041748047
81.28690338134766
81.0986557006836
80.91041564941406
81.22700500488281
81.22700500488281
80.63660430908203
81.03020477294922
81.31256866455078
81.13288116455078
81.16710662841797
81.09010314941406
80.6280517578125
81.40669250488281
81.56070709228516
81.6034927368164
81.61204528808594
81.26123046875
81.44947052001953
81.73184204101562
81.68049621582031
81.67194366455078
81.50936889648438
81.55215454101562
81.50936889648438
81.56926727294922
81.65483093261719
80.95319366455078
81.32112884521484
81.4580307006836
81.57781982421875
81.2783432006836
81.48370361328125
81.68049621582031
81.20133209228516
81.50936889648438
81.66338348388672
81.7831802368164
81.66338348388672
81.68049621582031
81.68049621582031
81.71472930908203
81.56926727294922
81.74895477294922
81.86018371582031
81.47514343261719
81.79173278808594
82.00564575195312
82.00564575195312
81.74039459228516
81.68049621582031
81.82595825195312
81.73184204101562
81.8944091796875
82.04843139648438
82.10832214355469
82.09976959228516
82.03131866455078
81.94575500488281
81.98853302001953
81.95430755615234
82.12543487548828
81.8174057006836
81.97998046875
82.11688232421875
82.16822052001953
82.18533325195312
82.06554412841797
82.12543487548828
82.1767807006836
81.9115219116211
82.13399505615234
81.93719482421875
82.01420593261719
82.2708969116211
82.2708969116211
82.10832214355469
81.9628677368164
82.06554412841797
81.92008209228516
82.39069366455078
82.26234436035156
82.21955871582031
82.27945709228516
81.92008209228516
82.11688232421875
82.27945709228516
82.37358093261719
82.40780639648438
82.46769714355469
82.58749389648438
82.4505844116211
82.54470825195312
82.37358093261719
82.4163589477539
82.29656982421875
82.28800964355469
82.47625732421875
82.2708969116211
82.47625732421875
82.1767807006836
82.0740966796875
82.21100616455078
82.33079528808594
82.34790802001953
82.46769714355469
82.37358093261719
82.46769714355469
82.62171936035156
82.3564682006836
82.64738464355469
82.62171936035156
82.18533325195312
82.72439575195312
82.49337005615234
82.66449737548828
82.69872283935547
82.52759552001953
82.73294830322266
82.83563232421875
82.4163589477539
82.42491912841797
82.65594482421875
82.39069366455078
82.44203186035156
82.69872283935547
82.75862121582031
82.75862121582031
82.44203186035156
82.2708969116211
82.72439575195312
82.54470825195312
82.75006103515625
82.7928466796875
82.6302719116211
82.76717376708984
82.4334716796875
82.39069366455078
82.47625732421875
82.57893371582031
82.9554214477539
82.7928466796875
82.76717376708984
82.7928466796875
82.55326080322266
82.5960464477539
82.63883209228516
82.86985778808594
82.58749389648438
82.53614807128906
82.72439575195312
82.78428649902344
82.70728302001953
82.72439575195312
82.80140686035156
82.71583557128906
82.51903533935547
82.5960464477539
82.32223510742188
82.66449737548828
82.76717376708984
83.04098510742188
83.07521057128906
82.51903533935547
82.64738464355469
82.5960464477539
82.66449737548828
82.71583557128906
82.68161010742188
82.67305755615234
82.76717376708984
82.84418487548828
82.90408325195312
83.05809783935547
82.92974853515625
83.14366149902344
82.83563232421875
82.85274505615234
83.08377075195312
82.71583557128906
82.9725341796875
83.02387237548828
83.00675964355469
82.96397399902344
82.8099594116211
82.84418487548828
82.68161010742188
83.09232330322266
82.96397399902344
82.99819946289062
82.65594482421875
82.9554214477539
83.04098510742188
82.42491912841797
82.3564682006836
82.44203186035156
82.88697052001953
82.80140686035156
83.03243255615234
82.71583557128906
83.11799621582031
82.88697052001953
82.99819946289062
83.17788696289062
83.24634552001953
83.28912353515625
83.1522216796875
83.19499969482422
82.99819946289062
82.7757339477539
83.08377075195312
83.22923278808594
83.28057098388672
83.35757446289062
83.41747283935547
83.21211242675781
83.48592376708984
83.426025390625
83.30623626708984
83.46025848388672
83.22923278808594
83.47737121582031
83.14366149902344
82.9896469116211
83.06665802001953
83.44314575195312
83.44314575195312
83.52014923095703
83.26345825195312
83.5886001586914
83.54582214355469
83.37468719482422
83.5287094116211
83.4089126586914
83.4944839477539
83.50303649902344
83.1693344116211
83.63138580322266
83.06665802001953
83.36613464355469
83.36613464355469
83.28057098388672
83.07521057128906
82.9725341796875
83.03243255615234
83.37468719482422
83.21211242675781
82.9896469116211
83.25489807128906
83.25489807128906
83.29768371582031
83.34046173095703
83.3319091796875
83.20355987548828
83.56293487548828
83.47737121582031
83.5287094116211
83.28912353515625
83.48592376708984
83.41747283935547
83.39179992675781
83.3490219116211
83.4089126586914
83.48592376708984
83.39179992675781
83.47737121582031
83.63993835449219
83.3490219116211
83.43458557128906
83.45169830322266
83.50303649902344
83.5287094116211
83.48592376708984
83.426025390625
83.53726196289062
83.53726196289062
83.54582214355469
83.16077423095703
83.4089126586914
83.52014923095703
83.37468719482422
83.47737121582031
83.54582214355469
83.56293487548828
83.22923278808594
83.46025848388672
83.63993835449219
83.73406219482422
83.66561126708984
83.61427307128906
83.77684783935547
83.6741714477539
83.6741714477539
83.58004760742188
83.74262237548828
83.75117492675781
83.3319091796875
83.18644714355469
83.37468719482422
83.58004760742188
83.55437469482422
