11.140000343322754
19.170000076293945
18.459999084472656
43.2599983215332
65.16000366210938
69.0999984741211
66.44999694824219
70.77999877929688
70.86000061035156
74.70999908447266
74.75
74.0
75.27999877929688
74.19999694824219
68.3499984741211
81.87999725341797
78.4800033569336
81.4000015258789
74.41999816894531
88.4000015258789
80.18000030517578
82.9800033569336
79.31999969482422
86.08999633789062
83.69000244140625
88.0
70.94000244140625
81.0
85.30000305175781
88.88999938964844
80.31999969482422
86.97000122070312
87.63999938964844
84.70999908447266
92.02999877929688
91.55000305175781
88.08000183105469
89.12999725341797
92.13999938964844
91.75
85.54000091552734
90.9000015258789
92.88999938964844
87.7300033569336
91.87999725341797
92.05000305175781
92.70999908447266
85.52999877929688
90.5999984741211
92.43000030517578
92.58000183105469
90.81999969482422
92.77999877929688
92.63999938964844
91.3499984741211
94.83000183105469
94.4800033569336
91.0999984741211
94.2300033569336
94.45999908447266
89.98999786376953
94.22000122070312
95.16000366210938
95.3499984741211
94.83999633789062
94.48999786376953
94.11000061035156
95.1500015258789
94.69000244140625
95.08999633789062
95.80000305175781
95.45999908447266
94.08999633789062
95.87999725341797
95.55000305175781
92.47000122070312
95.88999938964844
94.91000366210938
94.72000122070312
95.91999816894531
93.69000244140625
94.58999633789062
95.76000213623047
96.31999969482422
95.91999816894531
95.86000061035156
96.38999938964844
96.51000213623047
96.16999816894531
93.12000274658203
96.29000091552734
95.95999908447266
92.30000305175781
96.25
96.47000122070312
96.31999969482422
96.62999725341797
96.5199966430664
95.80999755859375
96.75
96.61000061035156
96.7699966430664
96.47000122070312
95.02999877929688
97.0
96.83000183105469
96.8499984741211
96.08000183105469
97.23999786376953
97.12000274658203
97.05000305175781
97.4000015258789
97.2699966430664
97.27999877929688
97.05000305175781
96.86000061035156
97.25
97.38999938964844
97.13999938964844
96.87999725341797
97.4800033569336
97.19999694824219
97.51000213623047
97.38999938964844
97.27999877929688
97.52999877929688
97.51000213623047
97.54000091552734
97.30000305175781
97.16000366210938
97.08999633789062
97.70999908447266
97.51000213623047
96.80999755859375
97.44000244140625
97.63999938964844
97.87000274658203
97.72000122070312
97.7699966430664
97.69999694824219
97.75
97.69000244140625
97.33000183105469
97.69000244140625
97.79000091552734
97.69000244140625
97.6500015258789
97.7300033569336
97.79000091552734
97.68000030517578
97.76000213623047
97.80999755859375
97.8499984741211
97.91000366210938
97.69999694824219
97.7300033569336
97.80000305175781
97.91999816894531
97.8499984741211
98.04000091552734
97.94000244140625
97.95999908447266
98.08999633789062
97.8499984741211
97.83999633789062
98.0
98.0999984741211
97.8499984741211
98.0199966430664
97.98999786376953
98.01000213623047
98.02999877929688
98.16000366210938
98.05000305175781
98.12000274658203
98.13999938964844
98.16000366210938
98.1500015258789
98.29000091552734
98.19999694824219
98.19999694824219
98.20999908447266
98.0999984741211
98.1500015258789
98.20999908447266
98.2699966430664
98.30000305175781
98.23999786376953
98.16000366210938
98.22000122070312
98.26000213623047
98.25
98.16999816894531
98.22000122070312
98.26000213623047
98.2699966430664
98.37999725341797
98.37000274658203
98.37000274658203
98.05999755859375
98.33000183105469
98.30000305175781
98.38999938964844
98.36000061035156
98.38999938964844
98.19999694824219
98.33999633789062
98.33999633789062
98.33999633789062
98.37999725341797
98.41999816894531
98.44999694824219
98.3499984741211
98.44000244140625
98.4800033569336
98.33000183105469
98.1500015258789
98.37000274658203
98.33999633789062
98.38999938964844
98.36000061035156
98.3499984741211
98.43000030517578
98.29000091552734
98.26000213623047
98.26000213623047
98.2300033569336
98.48999786376953
98.29000091552734
98.36000061035156
98.0
98.37999725341797
98.22000122070312
98.38999938964844
98.37000274658203
98.19000244140625
98.44999694824219
98.4000015258789
98.41000366210938
98.45999908447266
98.37999725341797
98.25
98.43000030517578
98.30000305175781
98.02999877929688
98.41999816894531
98.37999725341797
98.08000183105469
98.31999969482422
98.2300033569336
98.25
98.20999908447266
98.38999938964844
98.43000030517578
98.4000015258789
98.37999725341797
98.36000061035156
98.45999908447266
98.54000091552734
98.43000030517578
98.5
98.54000091552734
98.38999938964844
98.5199966430664
98.44000244140625
98.44999694824219
98.36000061035156
98.51000213623047
98.51000213623047
98.58999633789062
98.58000183105469
98.5999984741211
98.55000305175781
98.58999633789062
98.66999816894531
98.62999725341797
98.6500015258789
98.55000305175781
98.38999938964844
98.56999969482422
98.3499984741211
98.58000183105469
98.52999877929688
98.5
98.48999786376953
98.4000015258789
98.5999984741211
98.61000061035156
98.27999877929688
98.51000213623047
98.41999816894531
98.55999755859375
98.55999755859375
98.5999984741211
98.55999755859375
98.62999725341797
98.5999984741211
98.5199966430664
98.68000030517578
98.66000366210938
