18.290000915527344
32.209999084472656
63.220001220703125
71.87999725341797
79.58000183105469
72.2699966430664
82.6500015258789
80.38999938964844
83.3499984741211
84.44999694824219
87.54000091552734
91.13999938964844
91.16000366210938
89.47000122070312
90.4800033569336
92.0999984741211
93.33999633789062
91.51000213623047
90.98999786376953
94.08000183105469
92.26000213623047
94.16999816894531
92.8499984741211
94.77999877929688
92.83000183105469
94.30000305175781
92.48999786376953
93.29000091552734
93.18000030517578
93.56999969482422
93.44000244140625
94.7300033569336
94.69000244140625
94.0999984741211
95.38999938964844
95.55000305175781
94.69999694824219
95.45999908447266
95.12999725341797
95.63999938964844
94.77999877929688
95.12999725341797
95.33999633789062
95.62999725341797
95.79000091552734
96.08000183105469
95.8499984741211
94.7699966430664
95.33999633789062
95.4800033569336
95.51000213623047
95.83999633789062
96.0
96.12000274658203
95.8499984741211
96.54000091552734
96.52999877929688
96.1500015258789
96.16999816894531
96.4800033569336
96.38999938964844
96.51000213623047
96.37999725341797
96.4000015258789
96.86000061035156
96.80999755859375
96.56999969482422
96.98999786376953
95.30999755859375
96.58999633789062
96.44999694824219
95.4000015258789
96.25
96.36000061035156
96.7699966430664
96.55999755859375
96.9000015258789
96.37999725341797
97.16999816894531
97.1500015258789
96.44999694824219
96.36000061035156
96.9800033569336
97.33000183105469
97.19999694824219
96.94999694824219
97.30000305175781
97.38999938964844
97.30999755859375
97.04000091552734
97.27999877929688
97.23999786376953
96.97000122070312
97.12999725341797
97.38999938964844
97.33999633789062
97.16999816894531
96.94999694824219
96.63999938964844
97.43000030517578
97.62999725341797
97.33000183105469
97.55999755859375
96.88999938964844
97.12999725341797
97.41999816894531
97.33999633789062
97.30000305175781
97.33999633789062
97.62000274658203
97.29000091552734
97.38999938964844
97.62000274658203
97.6500015258789
97.72000122070312
97.41000366210938
97.63999938964844
97.58999633789062
97.43000030517578
97.5199966430664
97.61000061035156
97.61000061035156
97.37999725341797
97.20999908447266
97.33999633789062
97.54000091552734
97.63999938964844
97.69000244140625
97.69999694824219
97.8499984741211
97.58000183105469
97.79000091552734
97.72000122070312
97.25
97.55999755859375
97.37999725341797
97.7699966430664
97.62000274658203
97.58999633789062
97.58000183105469
97.68000030517578
97.7699966430664
97.62000274658203
97.83999633789062
97.83000183105469
97.91999816894531
97.72000122070312
97.7699966430664
97.4800033569336
96.16000366210938
97.0
97.44999694824219
97.4800033569336
97.87000274658203
97.72000122070312
97.80999755859375
97.58999633789062
97.93000030517578
97.9000015258789
97.9800033569336
98.0199966430664
97.97000122070312
97.9800033569336
87.69999694824219
95.44000244140625
96.3499984741211
97.20999908447266
97.62000274658203
97.73999786376953
97.69000244140625
97.69000244140625
97.58000183105469
97.58000183105469
97.62999725341797
97.5199966430664
97.43000030517578
97.75
97.56999969482422
97.94000244140625
97.86000061035156
97.69000244140625
97.8499984741211
97.8499984741211
97.76000213623047
97.91000366210938
97.77999877929688
98.0199966430664
97.80000305175781
97.86000061035156
97.44000244140625
97.79000091552734
97.70999908447266
97.38999938964844
98.06999969482422
97.86000061035156
98.0999984741211
96.83000183105469
97.4000015258789
97.5
97.86000061035156
97.81999969482422
97.8499984741211
97.91000366210938
97.93000030517578
97.70999908447266
97.66000366210938
97.63999938964844
97.56999969482422
97.91999816894531
97.88999938964844
97.69000244140625
97.76000213623047
97.95999908447266
97.98999786376953
97.72000122070312
97.9000015258789
97.94999694824219
97.98999786376953
97.94999694824219
97.66000366210938
97.94999694824219
97.97000122070312
98.16000366210938
98.20999908447266
98.0199966430664
97.93000030517578
98.01000213623047
97.9800033569336
97.91999816894531
97.98999786376953
97.9800033569336
98.12000274658203
98.01000213623047
98.12999725341797
97.72000122070312
97.62999725341797
98.04000091552734
98.19000244140625
98.2699966430664
98.20999908447266
97.77999877929688
97.7300033569336
97.94000244140625
98.16000366210938
98.0999984741211
97.95999908447266
98.18000030517578
98.26000213623047
98.05999755859375
97.9000015258789
97.7699966430664
97.9800033569336
97.8499984741211
97.72000122070312
98.04000091552734
98.16000366210938
98.12000274658203
97.81999969482422
98.13999938964844
98.2699966430664
98.04000091552734
98.16999816894531
98.19999694824219
98.05000305175781
98.16999816894531
98.04000091552734
98.01000213623047
97.9800033569336
98.11000061035156
98.20999908447266
97.94999694824219
98.31999969482422
98.29000091552734
98.05000305175781
98.23999786376953
98.2699966430664
98.23999786376953
98.12000274658203
97.9800033569336
98.33000183105469
98.30000305175781
98.3499984741211
98.33000183105469
98.0999984741211
98.45999908447266
98.41000366210938
98.26000213623047
98.18000030517578
98.31999969482422
98.01000213623047
98.31999969482422
10.329999923706055
9.800000190734863
9.800000190734863
9.800000190734863
9.800000190734863
9.800000190734863
9.800000190734863
9.800000190734863
9.800000190734863
