58.34000015258789
85.08000183105469
91.08999633789062
93.62000274658203
94.20999908447266
94.79000091552734
95.30999755859375
95.61000061035156
95.88999938964844
96.01000213623047
96.30999755859375
96.4000015258789
96.5
96.66000366210938
96.80000305175781
96.91000366210938
97.11000061035156
97.0999984741211
97.27999877929688
97.29000091552734
97.41999816894531
97.3499984741211
97.37000274658203
97.5199966430664
97.61000061035156
97.79000091552734
97.72000122070312
97.79000091552734
97.73999786376953
97.91999816894531
97.88999938964844
97.9000015258789
97.9800033569336
97.98999786376953
97.98999786376953
98.08000183105469
98.08000183105469
98.11000061035156
98.16000366210938
98.18000030517578
98.26000213623047
98.26000213623047
98.30000305175781
98.3499984741211
98.29000091552734
98.33000183105469
98.33000183105469
98.4000015258789
98.41999816894531
98.47000122070312
98.43000030517578
98.44000244140625
98.41000366210938
98.45999908447266
98.44999694824219
98.41999816894531
98.47000122070312
98.47000122070312
98.51000213623047
98.5199966430664
98.56999969482422
98.54000091552734
98.56999969482422
98.58999633789062
98.5199966430664
98.55000305175781
98.61000061035156
98.62999725341797
98.62999725341797
98.68000030517578
98.68000030517578
98.73999786376953
98.69000244140625
98.6500015258789
98.63999938964844
98.69999694824219
98.73999786376953
98.77999877929688
98.79000091552734
98.83000183105469
98.7300033569336
98.72000122070312
98.70999908447266
98.86000061035156
98.7300033569336
98.75
98.73999786376953
98.75
98.73999786376953
98.7300033569336
98.79000091552734
98.81999969482422
98.75
98.77999877929688
98.73999786376953
98.79000091552734
98.80000305175781
98.80000305175781
98.79000091552734
98.7699966430664
98.83000183105469
98.81999969482422
98.88999938964844
98.83000183105469
98.88999938964844
98.86000061035156
98.83999633789062
98.8499984741211
98.77999877929688
98.87999725341797
98.87999725341797
98.88999938964844
98.88999938964844
98.87000274658203
98.91999816894531
98.94000244140625
98.9000015258789
98.97000122070312
98.97000122070312
98.95999908447266
98.94999694824219
98.94999694824219
98.91999816894531
98.9000015258789
98.88999938964844
98.9800033569336
98.94999694824219
98.94000244140625
99.01000213623047
98.93000030517578
98.95999908447266
98.97000122070312
98.9800033569336
98.94999694824219
98.98999786376953
98.9800033569336
98.9000015258789
98.94000244140625
98.86000061035156
98.97000122070312
99.01000213623047
98.91999816894531
98.94000244140625
98.97000122070312
98.98999786376953
98.98999786376953
98.95999908447266
98.97000122070312
98.97000122070312
98.97000122070312
98.9800033569336
98.98999786376953
98.98999786376953
98.97000122070312
98.95999908447266
98.87999725341797
99.05000305175781
98.94999694824219
99.01000213623047
98.95999908447266
99.0199966430664
99.0
99.0
99.04000091552734
99.04000091552734
99.04000091552734
98.95999908447266
98.9800033569336
98.97000122070312
99.01000213623047
99.02999877929688
99.02999877929688
99.08999633789062
99.02999877929688
99.0199966430664
99.01000213623047
99.04000091552734
99.05999755859375
99.05000305175781
99.0
99.05999755859375
99.06999969482422
99.02999877929688
99.06999969482422
99.02999877929688
99.05000305175781
99.06999969482422
99.0999984741211
99.06999969482422
99.02999877929688
99.05000305175781
99.04000091552734
99.0
99.0199966430664
98.9800033569336
99.01000213623047
99.06999969482422
99.05999755859375
99.0999984741211
99.11000061035156
99.01000213623047
99.06999969482422
99.11000061035156
99.08999633789062
99.11000061035156
99.0199966430664
99.05999755859375
99.08999633789062
99.02999877929688
99.08999633789062
99.11000061035156
99.05000305175781
99.12000274658203
99.08999633789062
99.05999755859375
99.02999877929688
99.02999877929688
99.0999984741211
99.05000305175781
99.05999755859375
99.11000061035156
99.0999984741211
99.12000274658203
99.08999633789062
99.13999938964844
99.11000061035156
99.05000305175781
99.11000061035156
99.0999984741211
99.08999633789062
99.05999755859375
99.08999633789062
99.12000274658203
99.11000061035156
99.05999755859375
99.08999633789062
99.12999725341797
99.08999633789062
99.08999633789062
99.08999633789062
99.04000091552734
99.0199966430664
99.06999969482422
99.12000274658203
99.12999725341797
99.06999969482422
99.02999877929688
99.08000183105469
99.08999633789062
99.05999755859375
99.05000305175781
99.0999984741211
99.02999877929688
99.04000091552734
99.0999984741211
99.08999633789062
99.08000183105469
99.0999984741211
99.16000366210938
99.11000061035156
99.0999984741211
99.12999725341797
99.1500015258789
99.11000061035156
99.16000366210938
99.1500015258789
99.13999938964844
99.13999938964844
99.19999694824219
99.1500015258789
99.12000274658203
99.1500015258789
99.13999938964844
99.16000366210938
99.16999816894531
99.16999816894531
99.12999725341797
99.13999938964844
99.12999725341797
99.16999816894531
99.16000366210938
99.1500015258789
99.19999694824219
99.16999816894531
99.13999938964844
99.1500015258789
99.16999816894531
99.16000366210938
99.06999969482422
99.16000366210938
99.12000274658203
99.16000366210938
99.16000366210938
99.1500015258789
99.16999816894531
99.16000366210938
99.0999984741211
99.13999938964844
99.1500015258789
99.13999938964844
