17.739999771118164
30.31999969482422
61.4900016784668
71.18000030517578
79.33999633789062
71.93000030517578
83.16000366210938
79.91000366210938
82.5
84.08000183105469
85.5199966430664
90.93000030517578
91.08000183105469
89.33000183105469
90.45999908447266
92.8499984741211
93.05999755859375
91.41000366210938
90.7699966430664
93.94000244140625
92.23999786376953
94.06999969482422
92.80999755859375
94.69000244140625
92.55999755859375
94.22000122070312
88.80000305175781
91.30999755859375
91.62000274658203
92.58999633789062
92.98999786376953
94.33999633789062
94.51000213623047
93.7699966430664
95.20999908447266
95.31999969482422
94.19000244140625
95.36000061035156
94.98999786376953
95.47000122070312
94.52999877929688
94.9000015258789
95.19999694824219
95.5999984741211
95.62000274658203
95.83000183105469
95.73999786376953
94.69000244140625
95.12000274658203
95.2300033569336
95.33999633789062
95.76000213623047
95.86000061035156
96.05999755859375
95.83999633789062
96.5
96.44000244140625
96.0999984741211
95.97000122070312
96.37000274658203
96.2300033569336
96.33999633789062
96.31999969482422
96.31999969482422
96.70999908447266
96.69999694824219
96.48999786376953
96.9800033569336
96.51000213623047
96.79000091552734
96.5
95.41000366210938
95.83000183105469
96.13999938964844
96.5
96.16000366210938
96.69000244140625
96.0
96.77999877929688
96.91000366210938
96.18000030517578
96.19999694824219
96.83000183105469
97.23999786376953
97.01000213623047
96.80999755859375
97.0199966430664
97.30999755859375
97.1500015258789
96.91999816894531
97.08000183105469
96.91000366210938
96.73999786376953
96.93000030517578
97.31999969482422
97.06999969482422
97.0
96.7300033569336
96.94000244140625
97.26000213623047
97.47000122070312
97.30000305175781
97.52999877929688
96.81999969482422
97.16000366210938
97.26000213623047
96.87999725341797
97.2300033569336
97.26000213623047
97.55000305175781
97.12999725341797
97.25
97.55000305175781
97.55000305175781
97.5999984741211
97.27999877929688
97.48999786376953
97.41000366210938
97.2699966430664
97.3499984741211
97.55999755859375
97.47000122070312
97.4000015258789
97.11000061035156
97.20999908447266
97.44000244140625
97.62000274658203
97.4800033569336
97.69999694824219
97.70999908447266
97.54000091552734
97.66999816894531
97.48999786376953
97.12000274658203
97.33000183105469
97.20999908447266
97.72000122070312
97.44000244140625
97.4800033569336
97.58000183105469
97.69999694824219
97.5999984741211
97.61000061035156
97.76000213623047
97.8499984741211
97.77999877929688
97.5999984741211
97.5999984741211
97.43000030517578
96.6500015258789
97.08999633789062
97.45999908447266
97.54000091552734
97.91999816894531
97.5999984741211
97.73999786376953
97.47000122070312
97.94000244140625
97.86000061035156
97.97000122070312
98.0
97.94999694824219
97.94000244140625
95.5199966430664
97.1500015258789
97.30000305175781
97.7699966430664
97.87000274658203
97.94000244140625
97.79000091552734
97.86000061035156
97.77999877929688
97.88999938964844
97.8499984741211
97.47000122070312
97.62000274658203
97.93000030517578
97.87000274658203
98.11000061035156
98.12000274658203
97.91000366210938
98.0
97.9800033569336
97.80999755859375
97.98999786376953
97.91000366210938
97.95999908447266
97.87000274658203
97.87999725341797
97.55999755859375
97.7300033569336
97.80999755859375
97.48999786376953
98.11000061035156
97.94000244140625
98.19000244140625
97.83000183105469
97.7699966430664
97.5999984741211
97.97000122070312
97.94999694824219
97.97000122070312
98.05999755859375
97.9800033569336
97.91000366210938
97.9000015258789
97.72000122070312
97.58999633789062
97.87999725341797
97.94000244140625
97.80000305175781
98.0
98.08000183105469
98.04000091552734
97.8499984741211
97.97000122070312
98.02999877929688
98.06999969482422
98.04000091552734
94.76000213623047
96.75
97.61000061035156
97.95999908447266
98.05000305175781
97.79000091552734
97.8499984741211
97.94000244140625
97.88999938964844
97.9000015258789
97.9800033569336
97.83999633789062
97.98999786376953
97.87999725341797
98.05000305175781
97.69000244140625
97.66000366210938
98.0
98.0999984741211
98.25
98.19000244140625
97.88999938964844
97.8499984741211
97.91999816894531
98.16999816894531
98.12000274658203
97.9800033569336
98.26000213623047
98.29000091552734
98.13999938964844
97.77999877929688
97.69999694824219
97.94999694824219
97.80000305175781
97.77999877929688
98.0999984741211
98.18000030517578
98.12999725341797
97.8499984741211
98.16000366210938
98.33000183105469
98.06999969482422
98.01000213623047
98.0999984741211
98.08000183105469
98.2300033569336
98.05999755859375
98.12000274658203
97.9800033569336
98.12999725341797
98.19999694824219
97.95999908447266
98.36000061035156
98.30000305175781
98.01000213623047
98.23999786376953
98.27999877929688
98.2300033569336
97.9800033569336
98.02999877929688
98.33000183105469
98.36000061035156
98.36000061035156
98.31999969482422
98.13999938964844
98.47000122070312
98.25
98.27999877929688
98.18000030517578
98.2300033569336
97.91999816894531
98.29000091552734
96.16999816894531
97.3499984741211
97.80000305175781
97.77999877929688
97.87999725341797
97.93000030517578
97.66000366210938
97.80999755859375
98.16000366210938
