12.359999656677246
22.5
47.619998931884766
48.70000076293945
58.939998626708984
75.30000305175781
83.72000122070312
86.5199966430664
88.33999633789062
89.5
90.44000244140625
91.52999877929688
92.23999786376953
92.66000366210938
93.27999877929688
93.61000061035156
93.94000244140625
94.2300033569336
94.44999694824219
94.62999725341797
94.91000366210938
94.98999786376953
95.26000213623047
95.51000213623047
95.61000061035156
95.72000122070312
95.72000122070312
95.76000213623047
95.91000366210938
95.97000122070312
96.11000061035156
96.20999908447266
96.16000366210938
96.31999969482422
96.47000122070312
96.47000122070312
96.45999908447266
96.72000122070312
96.72000122070312
96.7699966430664
96.83999633789062
96.9000015258789
96.9000015258789
96.95999908447266
97.06999969482422
97.04000091552734
97.20999908447266
97.31999969482422
97.33000183105469
97.37999725341797
97.37000274658203
97.41999816894531
97.45999908447266
97.54000091552734
97.48999786376953
97.56999969482422
97.58000183105469
97.61000061035156
97.63999938964844
97.68000030517578
97.76000213623047
97.8499984741211
97.8499984741211
97.86000061035156
97.94999694824219
97.93000030517578
97.94999694824219
97.97000122070312
97.91999816894531
97.91000366210938
97.94999694824219
98.02999877929688
98.05000305175781
98.0999984741211
97.98999786376953
98.05999755859375
98.05000305175781
98.05000305175781
98.02999877929688
98.06999969482422
98.06999969482422
98.11000061035156
98.16999816894531
98.11000061035156
98.12000274658203
98.19999694824219
98.23999786376953
98.26000213623047
98.2300033569336
98.22000122070312
98.22000122070312
98.29000091552734
98.3499984741211
98.38999938964844
98.31999969482422
98.30999755859375
98.3499984741211
98.38999938964844
98.38999938964844
98.3499984741211
98.37999725341797
98.41000366210938
98.43000030517578
98.38999938964844
98.41999816894531
98.43000030517578
98.4800033569336
98.45999908447266
98.44000244140625
98.47000122070312
98.41000366210938
98.43000030517578
98.41999816894531
98.51000213623047
98.4800033569336
98.4000015258789
98.4800033569336
98.44999694824219
98.52999877929688
98.58000183105469
98.62000274658203
98.61000061035156
98.58999633789062
98.58999633789062
98.58000183105469
98.63999938964844
98.66999816894531
98.68000030517578
98.66999816894531
98.66000366210938
98.62000274658203
98.62999725341797
98.6500015258789
98.63999938964844
98.61000061035156
98.61000061035156
98.6500015258789
98.6500015258789
98.6500015258789
98.69999694824219
98.69000244140625
98.70999908447266
98.72000122070312
98.7300033569336
98.75
98.77999877929688
98.76000213623047
98.75
98.69999694824219
98.70999908447266
98.69999694824219
98.70999908447266
98.68000030517578
98.63999938964844
98.70999908447266
98.69000244140625
98.66000366210938
98.69999694824219
98.66999816894531
98.69999694824219
98.7300033569336
98.76000213623047
98.79000091552734
98.75
98.80000305175781
98.7699966430664
98.73999786376953
98.79000091552734
98.79000091552734
98.76000213623047
98.79000091552734
98.7699966430664
98.80999755859375
98.77999877929688
98.77999877929688
98.80999755859375
98.79000091552734
98.83000183105469
98.83999633789062
98.8499984741211
98.83000183105469
98.83000183105469
98.8499984741211
98.81999969482422
98.80999755859375
98.83999633789062
98.83999633789062
98.87999725341797
98.81999969482422
98.88999938964844
98.83999633789062
98.8499984741211
98.8499984741211
98.8499984741211
98.8499984741211
98.8499984741211
98.83999633789062
98.83000183105469
98.87000274658203
98.87000274658203
98.81999969482422
98.83999633789062
98.8499984741211
98.83999633789062
98.87999725341797
98.8499984741211
98.87999725341797
98.87999725341797
98.91000366210938
98.93000030517578
98.94999694824219
98.94999694824219
98.94000244140625
98.94999694824219
98.95999908447266
98.97000122070312
98.94000244140625
98.94000244140625
98.91999816894531
98.91999816894531
98.88999938964844
98.91999816894531
98.9000015258789
98.91000366210938
98.88999938964844
98.88999938964844
98.9000015258789
98.91000366210938
98.91999816894531
98.91000366210938
98.88999938964844
98.87999725341797
98.91999816894531
98.88999938964844
98.86000061035156
98.88999938964844
98.87000274658203
98.91000366210938
98.95999908447266
98.94000244140625
98.91999816894531
98.91999816894531
98.91000366210938
98.91000366210938
98.91999816894531
98.94999694824219
98.91999816894531
98.94999694824219
98.97000122070312
98.98999786376953
98.95999908447266
98.94000244140625
98.95999908447266
98.97000122070312
98.94000244140625
98.94999694824219
98.9800033569336
99.0
99.0199966430664
99.01000213623047
98.9800033569336
99.0
99.0
98.95999908447266
98.9800033569336
99.0
98.97000122070312
98.95999908447266
98.95999908447266
98.95999908447266
98.95999908447266
98.94999694824219
98.9800033569336
98.97000122070312
98.9800033569336
98.9800033569336
98.9800033569336
98.9800033569336
98.98999786376953
99.01000213623047
98.98999786376953
98.94999694824219
98.9800033569336
98.94999694824219
98.94000244140625
98.95999908447266
98.94000244140625
99.0
99.0
98.9800033569336
98.9800033569336
99.0
99.0199966430664
99.05000305175781
98.97000122070312
98.94999694824219
99.0199966430664
98.98999786376953
99.0
99.0
