11.449999809265137
15.800000190734863
16.1200008392334
44.5099983215332
53.2599983215332
61.369998931884766
53.599998474121094
43.08000183105469
50.18000030517578
63.36000061035156
57.58000183105469
67.20999908447266
73.33000183105469
69.5999984741211
67.69999694824219
78.83000183105469
78.01000213623047
73.87000274658203
73.83000183105469
82.08999633789062
77.5
79.87000274658203
74.19999694824219
81.0
72.0
84.31999969482422
77.62000274658203
77.61000061035156
76.19000244140625
79.3499984741211
77.98999786376953
80.44000244140625
81.06999969482422
80.33000183105469
85.45999908447266
86.05000305175781
79.80000305175781
87.41000366210938
83.38999938964844
87.31999969482422
81.9800033569336
84.45999908447266
85.1500015258789
83.33999633789062
86.58000183105469
87.33000183105469
86.7300033569336
82.37000274658203
83.16999816894531
84.23999786376953
85.25
86.62999725341797
87.86000061035156
87.91999816894531
83.72000122070312
89.94000244140625
88.77999877929688
86.47000122070312
88.76000213623047
89.51000213623047
85.02999877929688
90.0199966430664
90.58000183105469
89.87999725341797
90.5199966430664
89.66999816894531
88.43000030517578
90.98999786376953
91.43000030517578
90.66999816894531
90.45999908447266
89.87999725341797
89.83999633789062
91.33000183105469
90.54000091552734
88.08000183105469
89.80999755859375
85.69000244140625
89.48999786376953
91.56999969482422
87.41000366210938
86.6500015258789
91.9800033569336
92.70999908447266
92.48999786376953
91.66999816894531
92.43000030517578
93.58999633789062
92.9800033569336
88.61000061035156
91.25
91.44000244140625
87.5199966430664
91.91000366210938
93.06999969482422
92.12000274658203
91.66000366210938
90.51000213623047
89.47000122070312
92.9800033569336
93.55999755859375
91.61000061035156
92.19999694824219
86.16999816894531
93.12999725341797
92.08999633789062
93.2300033569336
93.44000244140625
93.19000244140625
93.44000244140625
91.77999877929688
93.3499984741211
93.5999984741211
93.93000030517578
93.31999969482422
91.37000274658203
89.12000274658203
91.30000305175781
92.29000091552734
91.94999694824219
93.63999938964844
93.80000305175781
93.73999786376953
93.38999938964844
92.41999816894531
92.7300033569336
93.83999633789062
93.18000030517578
94.04000091552734
93.83000183105469
92.41000366210938
94.41999816894531
93.61000061035156
89.94000244140625
89.52999877929688
90.69999694824219
93.87999725341797
93.25
93.86000061035156
94.30000305175781
94.69999694824219
93.93000030517578
92.37999725341797
95.25
94.43000030517578
94.48999786376953
93.08000183105469
94.05000305175781
91.68000030517578
92.66000366210938
92.37999725341797
94.36000061035156
92.18000030517578
95.0999984741211
94.58999633789062
94.94000244140625
92.81999969482422
93.69999694824219
94.05000305175781
95.41999816894531
95.20999908447266
95.0999984741211
94.01000213623047
94.23999786376953
90.98999786376953
93.4800033569336
94.83999633789062
94.66999816894531
95.26000213623047
93.12999725341797
93.43000030517578
92.3499984741211
94.83999633789062
94.79000091552734
94.94999694824219
94.12000274658203
94.97000122070312
94.58999633789062
95.44000244140625
95.08000183105469
94.20999908447266
93.62999725341797
95.30000305175781
93.72000122070312
95.04000091552734
95.05000305175781
95.54000091552734
94.51000213623047
94.93000030517578
90.8499984741211
94.1500015258789
94.9800033569336
94.56999969482422
95.20999908447266
94.8499984741211
95.38999938964844
95.5
95.27999877929688
95.0199966430664
94.72000122070312
95.5199966430664
95.25
96.04000091552734
94.7300033569336
93.33999633789062
94.44000244140625
93.58999633789062
93.25
94.37999725341797
93.7300033569336
94.6500015258789
95.04000091552734
95.76000213623047
95.44999694824219
94.79000091552734
95.5999984741211
94.61000061035156
95.38999938964844
95.25
94.97000122070312
95.55999755859375
95.91999816894531
96.08000183105469
96.0
94.01000213623047
95.8499984741211
95.80000305175781
95.69999694824219
95.2699966430664
95.79000091552734
94.75
95.48999786376953
95.58999633789062
96.05999755859375
94.2300033569336
94.37999725341797
95.7699966430664
96.33999633789062
95.62000274658203
96.12999725341797
94.87999725341797
95.0999984741211
95.79000091552734
96.30000305175781
95.75
94.83999633789062
96.44000244140625
95.79000091552734
96.2699966430664
95.12000274658203
94.7300033569336
95.69000244140625
95.16999816894531
94.23999786376953
95.79000091552734
96.08999633789062
96.25
95.11000061035156
95.75
96.01000213623047
95.43000030517578
95.80000305175781
95.91999816894531
95.8499984741211
95.7699966430664
95.06999969482422
95.37000274658203
94.68000030517578
95.18000030517578
96.2699966430664
95.25
96.36000061035156
96.12999725341797
95.01000213623047
95.93000030517578
96.18000030517578
95.6500015258789
93.26000213623047
93.62999725341797
96.5199966430664
96.31999969482422
95.93000030517578
96.06999969482422
95.25
96.4800033569336
95.66999816894531
95.94000244140625
94.37000274658203
96.69000244140625
95.93000030517578
96.16999816894531
95.05000305175781
95.80000305175781
96.73999786376953
95.94999694824219
96.12000274658203
96.2300033569336
94.30000305175781
95.9000015258789
96.77999877929688
