11.449999809265137
15.34000015258789
16.93000030517578
42.15999984741211
59.9900016784668
62.0099983215332
65.43000030517578
62.7400016784668
59.459999084472656
74.83999633789062
71.61000061035156
73.36000061035156
85.22000122070312
71.7300033569336
71.86000061035156
79.51000213623047
78.80000305175781
81.80000305175781
72.33999633789062
86.02999877929688
86.2699966430664
81.91999816894531
88.51000213623047
87.62999725341797
85.12000274658203
85.37999725341797
86.94999694824219
80.91999816894531
85.61000061035156
88.29000091552734
85.58000183105469
89.25
80.97000122070312
90.0199966430664
89.2300033569336
90.05000305175781
90.08999633789062
89.80999755859375
84.8499984741211
89.29000091552734
88.37000274658203
79.30000305175781
88.11000061035156
90.25
90.76000213623047
91.30999755859375
91.91000366210938
92.6500015258789
83.26000213623047
90.19000244140625
90.29000091552734
90.87000274658203
87.80999755859375
92.69999694824219
93.7699966430664
90.30000305175781
92.91999816894531
92.86000061035156
90.44000244140625
93.08999633789062
93.02999877929688
85.0199966430664
92.43000030517578
92.72000122070312
93.62000274658203
93.31999969482422
93.52999877929688
93.77999877929688
94.23999786376953
92.38999938964844
91.20999908447266
93.26000213623047
93.61000061035156
93.30999755859375
94.44999694824219
93.30000305175781
92.30000305175781
90.41999816894531
92.8499984741211
94.62000274658203
95.12999725341797
87.97000122070312
93.87999725341797
94.1500015258789
94.33999633789062
93.95999908447266
93.16000366210938
94.97000122070312
95.11000061035156
92.5999984741211
91.76000213623047
94.73999786376953
93.94000244140625
86.6500015258789
94.81999969482422
94.58999633789062
91.97000122070312
94.51000213623047
94.01000213623047
93.6500015258789
95.12999725341797
95.12999725341797
94.70999908447266
94.44999694824219
85.5999984741211
94.72000122070312
95.23999786376953
92.54000091552734
95.41000366210938
95.29000091552734
92.12000274658203
95.01000213623047
93.0199966430664
95.69000244140625
94.36000061035156
95.44999694824219
94.0199966430664
86.72000122070312
94.63999938964844
95.37000274658203
94.95999908447266
94.83999633789062
95.87000274658203
95.81999969482422
94.56999969482422
95.08999633789062
96.19000244140625
95.80000305175781
94.75
95.13999938964844
94.37999725341797
94.52999877929688
96.29000091552734
95.19000244140625
88.0999984741211
92.48999786376953
96.27999877929688
96.02999877929688
95.69999694824219
95.55999755859375
95.43000030517578
95.62999725341797
95.76000213623047
95.16999816894531
95.69999694824219
96.22000122070312
95.2300033569336
96.5
94.75
92.7699966430664
95.41999816894531
96.36000061035156
95.9800033569336
95.47000122070312
95.80000305175781
96.26000213623047
96.51000213623047
95.2300033569336
96.66999816894531
96.02999877929688
95.13999938964844
96.76000213623047
96.66999816894531
96.16000366210938
96.80000305175781
96.37000274658203
96.0999984741211
96.79000091552734
96.5199966430664
96.36000061035156
95.52999877929688
96.5999984741211
96.5199966430664
96.29000091552734
96.47000122070312
96.55999755859375
95.66999816894531
96.0999984741211
96.20999908447266
96.83000183105469
96.52999877929688
96.51000213623047
96.5
96.55000305175781
96.29000091552734
96.80999755859375
96.55999755859375
95.81999969482422
96.80999755859375
96.56999969482422
96.19999694824219
96.77999877929688
94.41000366210938
96.27999877929688
96.11000061035156
96.86000061035156
96.86000061035156
96.2699966430664
96.29000091552734
96.73999786376953
96.44999694824219
97.22000122070312
95.37999725341797
97.19000244140625
93.4800033569336
96.02999877929688
96.31999969482422
97.20999908447266
96.18000030517578
96.81999969482422
97.0199966430664
96.37000274658203
96.83999633789062
96.61000061035156
97.1500015258789
96.3499984741211
96.83000183105469
95.86000061035156
97.12999725341797
97.05000305175781
96.41999816894531
96.86000061035156
96.72000122070312
97.08999633789062
97.04000091552734
96.87000274658203
97.0
97.19000244140625
97.08999633789062
97.25
96.88999938964844
97.2300033569336
97.19000244140625
97.0999984741211
97.41999816894531
97.08999633789062
96.58000183105469
97.41000366210938
97.45999908447266
97.0999984741211
96.91000366210938
94.9800033569336
97.2300033569336
96.73999786376953
97.3499984741211
96.9000015258789
95.88999938964844
97.27999877929688
96.31999969482422
96.30999755859375
96.81999969482422
96.37000274658203
97.08000183105469
96.88999938964844
96.91000366210938
97.44999694824219
97.38999938964844
97.41000366210938
96.94999694824219
97.48999786376953
97.26000213623047
91.41999816894531
97.56999969482422
97.12999725341797
97.31999969482422
97.5199966430664
96.66000366210938
97.05999755859375
97.30000305175781
97.55000305175781
97.16000366210938
97.12999725341797
97.51000213623047
97.36000061035156
96.2699966430664
97.44999694824219
97.48999786376953
96.33000183105469
96.93000030517578
97.48999786376953
97.26000213623047
97.36000061035156
97.62000274658203
97.5199966430664
97.08999633789062
97.38999938964844
97.45999908447266
97.62000274658203
97.43000030517578
97.36000061035156
97.44000244140625
97.05000305175781
96.58999633789062
97.41999816894531
97.4800033569336
97.5999984741211
97.55999755859375
97.37000274658203
96.94999694824219
97.13999938964844
